119,35
3,2
3,1
3,3
10,244
10,116
10,79
10,13
10,172
10,283
10,73
10,25
11,24
11,13
11,16
11,21
11,18
11,17
11,5
9,3
8,11
8,10
20,2
20,1
20,3
19,2
19,1
19,3
75,1
75,0
73,4
73,1
71,5
71,4
71,3
71,2
71,1
71,0
68,4
68,3
68,2
68,1
68,0
66,4
66,3
66,2
66,1
65,4
65,1
64,4
64,1
62,5
62,4
62,3
62,1
61,3
61,1
60,14
60,13
60,12
60,11
60,10
60,9
60,8
60,7
60,6
60,4
60,3
60,2
60,1
56,8
56,6
56,5
56,3
56,2
56,1
51,13
51,12
51,11
51,10
51,9
51,8
51,7
51,6
51,5
51,4
51,3
51,1
50,3
50,2
50,1
48,5
48,4
48,3
48,1
47,3
47,1
46,4
46,3
46,1
44,12
44,11
44,10
44,9
44,8
44,7
44,6
44,5
44,4
44,3
44,1
43,17
43,15
43,14
43,13
43,12
43,11
43,10
43,9
43,8
43,7
43,6
43,5
43,4
43,3
43,1
38,2
